facenet/dataset/aligned/163527/C0320249.png
facenet/dataset/aligned/173220/C0820600.png 1882 1805 2588 2841
facenet/dataset/aligned/173220/C0840611.png 1854 1209 2696 2193
facenet/dataset/aligned/173220/C0840616.png 1886 1467 2751 2523
facenet/dataset/aligned/173220/C0830605.png 1991 2066 2767 2999
facenet/dataset/aligned/173220/C0820599.png 1879 1810 2597 2906
facenet/dataset/aligned/173220/C0830610.png 1988 1799 2787 2767
facenet/dataset/aligned/173220/C0810595.png 2360 1692 2952 2523
facenet/dataset/aligned/173220/C0820598.png 1895 1769 2671 2901
facenet/dataset/aligned/173220/C0830606.png 2308 1457 2390 1550
facenet/dataset/aligned/173220/C0830608.png 2000 1767 2806 2754
facenet/dataset/aligned/173220/C0820597.png 2038 1829 2727 2886
facenet/dataset/aligned/173220/C0820602.png 1833 1826 2524 2777
facenet/dataset/aligned/173220/C0820603.png 1794 1825 2454 2717
facenet/dataset/aligned/173220/C0830604.png 1969 2105 2762 3069
facenet/dataset/aligned/173220/C0810593.png 2179 1698 2782 2593
facenet/dataset/aligned/173220/C0840617.png 1920 1501 2792 2560
facenet/dataset/aligned/173220/C0810591.png 1951 1559 2604 2506
facenet/dataset/aligned/173220/C0840615.png 1907 1373 2789 2429
facenet/dataset/aligned/173220/C0830607.png 2010 1832 2803 2789
facenet/dataset/aligned/173220/C0840614.png 1885 1439 2753 2510
facenet/dataset/aligned/173220/C0840613.png 1902 1279 2757 2306
facenet/dataset/aligned/173220/C0840612.png 1884 1225 2736 2231
facenet/dataset/aligned/173220/C0810594.png 2295 1682 2917 2565
facenet/dataset/aligned/173220/C0830609.png 1974 1796 2786 2786
facenet/dataset/aligned/173220/C0820601.png 1854 1833 2523 2802
facenet/dataset/aligned/173220/C0810596.png 2490 1695 3051 2454
facenet/dataset/aligned/173220/C0810592.png 2049 1666 2701 2652
facenet/dataset/aligned/173220/C0810590.png 1975 1592 2617 2563
facenet/dataset/aligned/173230/C0880645.png 1795 1012 2648 2124
facenet/dataset/aligned/173230/C0860626.png 2095 1293 2881 2440
facenet/dataset/aligned/173230/C0870638.png 1748 1532 2638 2739
facenet/dataset/aligned/173230/C0860627.png 2100 1300 2835 2413
facenet/dataset/aligned/173230/C0850624.png 1642 1390 2278 2401
facenet/dataset/aligned/173230/C0880639.png 1895 1051 2684 1950
facenet/dataset/aligned/173230/C0850619.png 1715 1361 2443 2495
facenet/dataset/aligned/173230/C0880643.png 1839 982 2645 1993
facenet/dataset/aligned/173230/C0870634.png 1709 1656 2621 2916
facenet/dataset/aligned/173230/C0850620.png 1728 1372 2464 2461
facenet/dataset/aligned/173230/C0860628.png 2094 1306 2809 2379
facenet/dataset/aligned/173230/C0870633.png 1672 1678 2597 2981
facenet/dataset/aligned/173230/C0880641.png 1897 1000 2682 1956
facenet/dataset/aligned/173230/C0870636.png 1717 1527 2639 2774
facenet/dataset/aligned/173230/C0870632.png 1667 1771 2607 3033
facenet/dataset/aligned/173230/C0860629.png 2149 1295 2834 2302
facenet/dataset/aligned/173230/C0860625.png 2035 1255 2843 2451
facenet/dataset/aligned/173230/C0880640.png 1903 1031 2676 1953
facenet/dataset/aligned/173230/C0850623.png 1697 1361 2387 2371
facenet/dataset/aligned/173230/C0860631.png 2202 1352 2841 2256
facenet/dataset/aligned/173230/C0870637.png 1689 1505 2614 2753
facenet/dataset/aligned/173230/C0860630.png 2162 1312 2869 2367
facenet/dataset/aligned/173230/C0850618.png 1685 1372 2462 2550
facenet/dataset/aligned/173230/C0850622.png 1709 1377 2396 2393
facenet/dataset/aligned/173230/C0850621.png 1657 1348 2348 2392
facenet/dataset/aligned/173230/C0880642.png 1906 990 2710 1984
facenet/dataset/aligned/173230/C0880644.png 1823 968 2652 2013
facenet/dataset/aligned/173230/C0870635.png 1740 1590 2632 2841
facenet/dataset/aligned/173239/C0790580.png 1841 1706 2640 2773
facenet/dataset/aligned/173239/C0800589.png 1689 1702 2901 3273
facenet/dataset/aligned/173239/C0770565.png 1730 1777 2493 2875
facenet/dataset/aligned/173239/C0780571.png 2451 1703 3083 2609
facenet/dataset/aligned/173239/C0770568.png 1697 1815 2531 3007
facenet/dataset/aligned/173239/C0790581.png 1817 1636 2611 2657
facenet/dataset/aligned/173239/C0780573.png 2475 1713 3139 2654
facenet/dataset/aligned/173239/C0780570.png 2390 1703 3018 2620
facenet/dataset/aligned/173239/C0770567.png 1675 1816 2482 3001
facenet/dataset/aligned/173239/C0790578.png 1919 1902 2713 2950
facenet/dataset/aligned/173239/C0780569.png 2313 1736 2989 2695
facenet/dataset/aligned/173239/C0790579.png 1857 1831 2675 2891
facenet/dataset/aligned/173239/C0780572.png 2483 1722 3131 2653
facenet/dataset/aligned/173239/C0800587.png 1755 1687 2916 3215
facenet/dataset/aligned/173239/C0780574.png 2348 1739 3019 2685
facenet/dataset/aligned/173239/C0770564.png 1818 1868 2543 2935
facenet/dataset/aligned/173239/C0800583.png 1853 1515 2967 2906
facenet/dataset/aligned/173239/C0780575.png 2364 1720 3038 2682
facenet/dataset/aligned/173239/C0770563.png 1866 1821 2645 3029
facenet/dataset/aligned/173239/C0800585.png 1761 1536 2934 3110
facenet/dataset/aligned/173239/C0770566.png 1719 1800 2522 2968
facenet/dataset/aligned/173239/C0790577.png 1937 2024 2718 3049
facenet/dataset/aligned/173239/C0790576.png 1966 2058 2750 3105
facenet/dataset/aligned/173239/C0790582.png 1862 1593 2657 2635
facenet/dataset/aligned/173239/C0800588.png 1693 1664 2899 3253
facenet/dataset/aligned/173239/C0800584.png 1822 1560 2960 3048
facenet/dataset/aligned/173239/C0800586.png 1776 1678 2891 3197
facenet/dataset/aligned/173239/C0770562.png 1901 1836 2648 3051
facenet/dataset/aligned/191237/C0680503.png 975 845 1867 2015
facenet/dataset/aligned/191237/C0670495.png 1937 1635 2736 2593
facenet/dataset/aligned/191237/C0680499.png 1487 883 2368 2061
facenet/dataset/aligned/191237/C0670497.png 1922 1574 2736 2572
facenet/dataset/aligned/191237/C0680504.png 762 870 1682 2080
facenet/dataset/aligned/191237/C0680501.png 1398 995 2203 1994
facenet/dataset/aligned/191237/C0670498.png 1866 1642 2707 2673
facenet/dataset/aligned/191237/C0680505.png 662 865 1595 2058
facenet/dataset/aligned/191237/C0670496.png 1934 1609 2764 2606
facenet/dataset/aligned/191237/C0670494.png 1917 1674 2758 2702
facenet/dataset/aligned/191237/C0680500.png 1539 1014 2334 2019
facenet/dataset/aligned/191237/C0680502.png 1174 911 2052 2062
