facenet/dataset/aligned/163188/C0410312.png 1787 1289 2762 2592
facenet/dataset/aligned/163188/C0410311.png 1872 1350 2828 2675
facenet/dataset/aligned/163188/C0460344.png 1558 1469 2483 2613
facenet/dataset/aligned/163188/C0460347.png 1854 1632 2761 2766
facenet/dataset/aligned/163188/C0420318.png 1331 1058 2315 2467
facenet/dataset/aligned/163188/C0430324.png 1717 1210 2606 2404
facenet/dataset/aligned/163188/C0420316.png 1415 801 2512 2319
facenet/dataset/aligned/163188/C0420315.png 1573 799 2569 2177
facenet/dataset/aligned/163188/C0460342.png 1505 1340 2480 2521
facenet/dataset/aligned/163188/C0460346.png 1744 1520 2628 2648
facenet/dataset/aligned/163188/C0460343.png 1539 1289 2512 2448
facenet/dataset/aligned/163188/C0430320.png 2080 1041 3046 2306
facenet/dataset/aligned/163188/C0440329.png 1761 1543 2734 3004
facenet/dataset/aligned/163188/C0440327.png 2004 1450 3033 2913
facenet/dataset/aligned/163188/C0430321.png 2070 983 3035 2287
facenet/dataset/aligned/163188/C0450334.png 1809 777 2902 2163
facenet/dataset/aligned/163188/C0440330.png 1624 1716 2573 3128
facenet/dataset/aligned/163188/C0450339.png 1436 746 2541 2103
facenet/dataset/aligned/163188/C0420314.png 1738 895 2674 2204
facenet/dataset/aligned/163188/C0410306.png 2116 1279 3166 2784
facenet/dataset/aligned/163188/C0450336.png 1833 842 2895 2136
facenet/dataset/aligned/163188/C0450337.png 1591 843 2630 2122
facenet/dataset/aligned/163188/C0410309.png 1871 1364 2995 2893
facenet/dataset/aligned/163188/C0430323.png 1766 1169 2660 2378
facenet/dataset/aligned/163188/C0440331.png 1615 1700 2552 3037
facenet/dataset/aligned/163188/C0450340.png 1198 678 2366 2134
facenet/dataset/aligned/163188/C0430325.png 1639 1283 2437 2402
facenet/dataset/aligned/163188/C0420317.png 1485 963 2524 2416
facenet/dataset/aligned/163188/C0430326.png 1658 1163 2514 2347
facenet/dataset/aligned/163188/C0440333.png 1518 1785 2556 3223
facenet/dataset/aligned/163188/C0410310.png 1957 1266 3017 2722
facenet/dataset/aligned/163188/C0420319.png 1332 1024 2337 2540
facenet/dataset/aligned/163188/C0430322.png 1838 1111 2778 2360
facenet/dataset/aligned/163188/C0410308.png 1953 1367 3005 2926
facenet/dataset/aligned/163188/C0450338.png 1502 881 2522 2093
facenet/dataset/aligned/163188/C0450335.png 1863 788 2921 2109
facenet/dataset/aligned/163188/C0420313.png 1681 916 2675 2263
facenet/dataset/aligned/163188/C0440332.png 1638 1803 2640 3170
facenet/dataset/aligned/163188/C0410307.png 1978 1301 2979 2808
facenet/dataset/aligned/163188/C0460345.png 1752 1484 2651 2573
facenet/dataset/aligned/163188/C0460341.png 1225 1147 2280 2441
facenet/dataset/aligned/163188/C0440328.png 1812 1376 2907 2902
facenet/dataset/aligned/163527/C0320249.png
facenet/dataset/aligned/191230/C0490368.png 1440 1094 2273 2199
facenet/dataset/aligned/191230/C0520390.png 1650 1299 2408 2283
facenet/dataset/aligned/191230/C0500377.png 1920 1447 2574 2256
facenet/dataset/aligned/191230/C0510383.png 1680 1037 2498 2055
facenet/dataset/aligned/191230/C0470354.png 1748 1125 2555 2196
facenet/dataset/aligned/191230/C0500373.png 1602 1183 2338 2158
facenet/dataset/aligned/191230/C0470355.png 1844 1160 2644 2271
facenet/dataset/aligned/191230/C0510382.png 1653 1084 2433 2074
facenet/dataset/aligned/191230/C0500376.png 1908 1460 2558 2298
facenet/dataset/aligned/191230/C0480363.png 1929 1264 2629 2209
facenet/dataset/aligned/191230/C0480365.png 2001 1174 2720 2103
facenet/dataset/aligned/191230/C0520391.png 1779 1391 2432 2237
facenet/dataset/aligned/191230/C0510381.png 1835 1099 2571 2071
facenet/dataset/aligned/191230/C0510380.png 2040 974 2730 1877
facenet/dataset/aligned/191230/C0510384.png 1832 982 2677 2067
facenet/dataset/aligned/191230/C0480362.png 1950 1216 2685 2212
facenet/dataset/aligned/191230/C0500378.png 1927 1395 2575 2207
facenet/dataset/aligned/191230/C0500375.png 1809 1423 2450 2263
facenet/dataset/aligned/191230/C0500379.png 1910 1390 2555 2214
facenet/dataset/aligned/191230/C0470356.png 1809 1224 2573 2245
facenet/dataset/aligned/191230/C0480364.png 1966 1226 2677 2158
facenet/dataset/aligned/191230/C0490371.png 1481 1194 2253 2161
facenet/dataset/aligned/191230/C0480361.png 2107 1129 2878 2151
facenet/dataset/aligned/191230/C0490367.png 1356 1072 2220 2193
facenet/dataset/aligned/191230/C0490366.png 1264 1120 2126 2263
facenet/dataset/aligned/191230/C0500374.png 1794 1237 2441 2112
facenet/dataset/aligned/191230/C0470358.png 1580 1280 2388 2300
facenet/dataset/aligned/191230/C0520393.png 1720 1527 2418 2449
facenet/dataset/aligned/191230/C0480360.png 1952 1160 2743 2178
facenet/dataset/aligned/191230/C0490369.png 1442 1178 2254 2275
facenet/dataset/aligned/191230/C0520387.png 1601 1255 2223 2040
facenet/dataset/aligned/191230/C0520392.png 1820 1572 2426 2363
facenet/dataset/aligned/191230/C0470357.png 1660 1229 2447 2309
facenet/dataset/aligned/191230/C0480359.png 1845 1166 2647 2213
facenet/dataset/aligned/191230/C0510385.png 1868 1006 2696 2091
facenet/dataset/aligned/191230/C0470353.png 1751 1133 2573 2307
facenet/dataset/aligned/191230/C0490372.png 1462 1128 2232 2150
facenet/dataset/aligned/191230/C0470352.png 1823 1059 2600 2171
facenet/dataset/aligned/191230/C0520388.png 1612 1281 2248 2068
facenet/dataset/aligned/191230/C0510386.png 1792 951 2589 1958
facenet/dataset/aligned/191230/C0490370.png 1498 1221 2238 2183
facenet/dataset/aligned/191230/C0520389.png 1610 1324 2349 2271
facenet/dataset/aligned/191233/C0580432.png 1571 1203 2319 2203
facenet/dataset/aligned/191233/C0600448.png 1817 1590 2575 2531
facenet/dataset/aligned/191233/C0590439.png 1592 1273 2317 2266
facenet/dataset/aligned/191233/C0590440.png 1366 1333 2124 2332
facenet/dataset/aligned/191233/C0620460.png 2052 1422 3057 2736
facenet/dataset/aligned/191233/C0600444.png 1680 1701 2391 2516
facenet/dataset/aligned/191233/C0620463.png 2004 1398 3015 2710
facenet/dataset/aligned/191233/C0610455.png 1791 1602 2638 2661
facenet/dataset/aligned/191233/C0580430.png 1863 1062 2667 2161
facenet/dataset/aligned/191233/C0630466.png 1695 1512 2611 2728
facenet/dataset/aligned/191233/C0630465.png 1694 1445 2644 2732
facenet/dataset/aligned/191233/C0590437.png 1746 1318 2460 2299
facenet/dataset/aligned/191233/C0620458.png 2177 1415 3181 2775
facenet/dataset/aligned/191233/C0590442.png 1127 1303 1965 2422
facenet/dataset/aligned/191233/C0620462.png 1963 1336 3004 2683
facenet/dataset/aligned/191233/C0620461.png 2031 1340 3009 2635
facenet/dataset/aligned/191233/C0620457.png 2067 1363 3064 2714
facenet/dataset/aligned/191233/C0600449.png 1885 1663 2697 2573
facenet/dataset/aligned/191233/C0610450.png 2041 1224 2957 2405
facenet/dataset/aligned/191233/C0600445.png 1795 1596 2559 2546
facenet/dataset/aligned/191233/C0610451.png 2156 1272 3122 2446
facenet/dataset/aligned/191233/C0590441.png 1345 1283 2142 2351
facenet/dataset/aligned/191233/C0600446.png 1806 1683 2507 2544
facenet/dataset/aligned/191233/C0630470.png 1716 1383 2633 2628
facenet/dataset/aligned/191233/C0630464.png 1683 1296 2680 2637
facenet/dataset/aligned/191233/C0610454.png 1934 1641 2720 2626
facenet/dataset/aligned/191233/C0610453.png 2012 1596 2842 2639
facenet/dataset/aligned/191233/C0580435.png 1635 1312 2388 2307
facenet/dataset/aligned/191233/C0620459.png 2092 1445 3181 2900
facenet/dataset/aligned/191233/C0610456.png 1739 1459 2669 2616
facenet/dataset/aligned/191233/C0610452.png 2129 1415 3026 2521
facenet/dataset/aligned/191233/C0590436.png 1712 1297 2460 2254
facenet/dataset/aligned/191233/C0630469.png 1651 1482 2556 2680
facenet/dataset/aligned/191233/C0580434.png 1651 1195 2457 2238
facenet/dataset/aligned/191233/C0580433.png 1501 1191 2345 2266
facenet/dataset/aligned/191233/C0580429.png 1934 1156 2674 2247
facenet/dataset/aligned/191233/C0630467.png 1561 1462 2502 2700
facenet/dataset/aligned/191233/C0580431.png 1768 1142 2530 2157
facenet/dataset/aligned/191233/C0600443.png 1604 1611 2360 2507
facenet/dataset/aligned/191233/C0590438.png 1674 1281 2400 2254
facenet/dataset/aligned/191233/C0630468.png 1605 1451 2516 2667
facenet/dataset/aligned/191233/C0600447.png 1793 1627 2551 2566
facenet/dataset/aligned/191237/C0640473.png 1462 1184 2194 2137
facenet/dataset/aligned/191237/C0670493.png 1989 1443 2857 2490
facenet/dataset/aligned/191237/C0660490.png 1304 1360 2182 2406
facenet/dataset/aligned/191237/C0650484.png 1345 1098 2099 2169
facenet/dataset/aligned/191237/C0640471.png 1671 1066 2451 2150
facenet/dataset/aligned/191237/C0660491.png 1443 1259 2277 2262
facenet/dataset/aligned/191237/C0650478.png 1707 1137 2560 2243
facenet/dataset/aligned/191237/C0640476.png 1445 1021 2208 1993
facenet/dataset/aligned/191237/C0660487.png 1378 1368 2288 2487
facenet/dataset/aligned/191237/C0650479.png 1753 1074 2572 2190
facenet/dataset/aligned/191237/C0660489.png 1281 1373 2151 2409
facenet/dataset/aligned/191237/C0640472.png 1588 1077 2361 2129
facenet/dataset/aligned/191237/C0660488.png 1275 1398 2151 2497
facenet/dataset/aligned/191237/C0650483.png 1380 1143 2177 2288
facenet/dataset/aligned/191237/C0650481.png 1447 1117 2302 2259
facenet/dataset/aligned/191237/C0660486.png 1277 1333 2293 2710
facenet/dataset/aligned/191237/C0650482.png 1442 1164 2263 2244
facenet/dataset/aligned/191237/C0660485.png 1169 1439 2118 2731
facenet/dataset/aligned/191237/C0640474.png 1469 1181 2183 2090
facenet/dataset/aligned/191237/C0640475.png 1401 1048 2202 2053
facenet/dataset/aligned/191237/C0650480.png 1614 1045 2452 2209
facenet/dataset/aligned/191237/C0640477.png 1293 1087 1997 2014
facenet/dataset/aligned/191237/C0670492.png 2072 1333 2876 2292
facenet/dataset/aligned/191242/C0720527.png 1919 934 2856 2156
facenet/dataset/aligned/191242/C0710520.png 1777 1469 2738 2887
facenet/dataset/aligned/191242/C0700514.png 1893 1048 2909 2541
facenet/dataset/aligned/191242/C0720528.png 1996 957 2916 2108
facenet/dataset/aligned/191242/C0690510.png 2369 734 3499 2252
facenet/dataset/aligned/191242/C0700516.png 1721 1314 2611 2515
facenet/dataset/aligned/191242/C0710525.png 2095 1503 3071 2933
facenet/dataset/aligned/191242/C0710524.png 1951 1427 2996 2899
facenet/dataset/aligned/191242/C0710521.png 1800 1501 2739 2878
facenet/dataset/aligned/191242/C0720531.png 1789 1186 2683 2343
facenet/dataset/aligned/191242/C0730534.png 2294 1422 3151 2587
facenet/dataset/aligned/191242/C0730537.png 1873 1235 2702 2442
facenet/dataset/aligned/191242/C0690512.png 2242 825 3324 2295
facenet/dataset/aligned/191242/C0690506.png 2686 370 3940 2189
facenet/dataset/aligned/191242/C0690507.png 2734 537 3865 2151
facenet/dataset/aligned/191242/C0700513.png 1972 1039 2973 2438
facenet/dataset/aligned/191242/C0720533.png 1906 1187 2780 2340
facenet/dataset/aligned/191242/C0720529.png 2124 1083 2998 2197
facenet/dataset/aligned/191242/C0710522.png 1790 1522 2828 2928
facenet/dataset/aligned/191242/C0700517.png 1707 1282 2605 2522
facenet/dataset/aligned/191242/C0730540.png 1730 1583 2534 2712
facenet/dataset/aligned/191242/C0690509.png 2362 733 3452 2237
facenet/dataset/aligned/191242/C0730538.png 1550 1285 2373 2506
facenet/dataset/aligned/191242/C0700518.png 1584 1246 2477 2514
facenet/dataset/aligned/191242/C0710523.png 1740 1378 2739 2809
facenet/dataset/aligned/191242/C0730536.png 2057 1360 2928 2575
facenet/dataset/aligned/191242/C0690508.png 2534 667 3633 2148
facenet/dataset/aligned/191242/C0730539.png 1529 1424 2329 2674
facenet/dataset/aligned/191242/C0710526.png 2039 1471 2946 2775
facenet/dataset/aligned/191242/C0720532.png 1759 1174 2659 2318
facenet/dataset/aligned/191242/C0730535.png 2269 1392 3059 2496
facenet/dataset/aligned/191242/C0690511.png 2394 803 3504 2307
facenet/dataset/aligned/191242/C0700519.png 1547 1243 2441 2513
facenet/dataset/aligned/191242/C0720530.png 2059 1120 2896 2195
facenet/dataset/aligned/191242/C0700515.png 1813 1211 2752 2606
facenet/dataset/aligned/191287/C0550413.png 2072 1371 2761 2328
facenet/dataset/aligned/191287/C0530396.png 2015 912 2687 1911
facenet/dataset/aligned/191287/C0550411.png 2150 1439 2827 2409
facenet/dataset/aligned/191287/C0530394.png 1949 852 2644 1853
facenet/dataset/aligned/191287/C0560415.png 1837 1455 2661 2569
facenet/dataset/aligned/191287/C0530399.png 1657 1195 2273 2026
facenet/dataset/aligned/191287/C0550414.png 2049 1385 2711 2310
facenet/dataset/aligned/191287/C0530398.png 1759 1161 2373 1990
facenet/dataset/aligned/191287/C0540407.png 1851 1526 2443 2326
facenet/dataset/aligned/191287/C0570423.png 1797 1455 2678 2575
facenet/dataset/aligned/191287/C0560418.png 2112 1387 2909 2450
facenet/dataset/aligned/191287/C0560416.png 1852 1370 2735 2515
facenet/dataset/aligned/191287/C0570422.png 1880 1339 2725 2447
facenet/dataset/aligned/191287/C0570425.png 1635 1571 2529 2683
facenet/dataset/aligned/191287/C0530395.png 1997 931 2655 1903
facenet/dataset/aligned/191287/C0560421.png 2290 1503 3082 2519
facenet/dataset/aligned/191287/C0560420.png 2311 1400 3107 2438
facenet/dataset/aligned/191287/C0530400.png 1650 1182 2269 1994
facenet/dataset/aligned/191287/C0570427.png 1408 1565 2293 2728
facenet/dataset/aligned/191287/C0560417.png 1951 1358 2764 2464
facenet/dataset/aligned/191287/C0550409.png 2216 1415 2887 2368
facenet/dataset/aligned/191287/C0570426.png 1516 1584 2403 2745
facenet/dataset/aligned/191287/C0570428.png 1339 1515 2189 2638
facenet/dataset/aligned/191287/C0540403.png 1970 1571 2628 2463
facenet/dataset/aligned/191287/C0550410.png 2147 1443 2832 2373
facenet/dataset/aligned/191287/C0540401.png 2180 1490 2875 2410
facenet/dataset/aligned/191287/C0560419.png 2226 1421 3024 2483
facenet/dataset/aligned/191287/C0540404.png 1876 1544 2500 2363
facenet/dataset/aligned/191287/C0540406.png 1923 1576 2504 2347
facenet/dataset/aligned/191287/C0540402.png 2097 1527 2784 2442
facenet/dataset/aligned/191287/C0540405.png 1853 1573 2456 2382
facenet/dataset/aligned/191287/C0550408.png 2206 1427 2899 2367
facenet/dataset/aligned/191287/C0570424.png 1730 1558 2567 2625
facenet/dataset/aligned/191287/C0550412.png 2089 1451 2820 2446
facenet/dataset/aligned/191287/C0530397.png 1918 1079 2550 1952
