facenet/dataset/aligned/163199/C0270210.png 1490 720 2982 2586
facenet/dataset/aligned/163199/C0260207.png 1357 423 3279 3041
facenet/dataset/aligned/163199/IMG_20190601_205105.png 642 1126 1654 2537
facenet/dataset/aligned/163199/C0240187.png 1498 897 2958 2871
facenet/dataset/aligned/163199/C0270212.png 1608 742 2981 2360
facenet/dataset/aligned/163199/C0230180.png 1719 791 3168 2703
facenet/dataset/aligned/163199/C0260206.png 1392 506 3307 3080
facenet/dataset/aligned/163199/IMG_20190603_200412.png 0 368 1713 2814
facenet/dataset/aligned/163199/C0240191.png 1593 1020 3037 3015
facenet/dataset/aligned/163199/IMG_20190603_200446.png 681 1093 2209 3159
facenet/dataset/aligned/163199/C0230185.png 1734 880 3202 2883
facenet/dataset/aligned/163199/C0230184.png 1561 798 3070 2778
facenet/dataset/aligned/163199/C0240189.png 1600 873 3030 2879
facenet/dataset/aligned/163199/IMG_20190603_200429.png 629 584 1940 2182
facenet/dataset/aligned/163199/C0260202.png 1460 792 3325 3235
facenet/dataset/aligned/163199/C0250199.png 1419 498 3171 3162
facenet/dataset/aligned/163199/IMG_20190603_200402.png 286 439 1955 2843
facenet/dataset/aligned/163199/C0240193.png 1452 963 3128 3136
facenet/dataset/aligned/163199/IMG_20190603_200433.png 395 581 1741 2363
facenet/dataset/aligned/163199/IMG_20190601_205157.png 490 1111 1615 2678
facenet/dataset/aligned/163199/C0250194.png 1694 146 3479 2990
facenet/dataset/aligned/163199/C0270214.png 1608 862 2929 2411
facenet/dataset/aligned/163199/C0250200.png 1456 533 3126 3104
facenet/dataset/aligned/163199/IMG_20190603_200400.png 191 357 1881 2780
facenet/dataset/aligned/163199/C0270211.png 1527 693 3012 2537
facenet/dataset/aligned/163199/IMG_20190601_205215.png 546 961 1544 2328
facenet/dataset/aligned/163199/IMG_20190601_205117.png 867 1287 1828 2512
facenet/dataset/aligned/163199/IMG_20190601_205213.png 734 871 1718 2068
facenet/dataset/aligned/163199/IMG_20190601_205210.png 584 1190 1736 2767
facenet/dataset/aligned/163199/C0270208.png 1518 651 3007 2542
facenet/dataset/aligned/163199/IMG_20190603_200435.png 261 556 1576 2295
facenet/dataset/aligned/163199/C0240190.png 1614 927 3006 2939
facenet/dataset/aligned/163199/IMG_20190601_205120.png 765 1299 1697 2522
facenet/dataset/aligned/163199/IMG_20190603_200403.png 261 408 1938 2863
facenet/dataset/aligned/163199/C0270213.png 1639 859 2948 2355
facenet/dataset/aligned/163199/IMG_20190603_200449.png 8 992 1515 3117
facenet/dataset/aligned/163199/C0250195.png 1692 225 3587 3040
facenet/dataset/aligned/163199/IMG_20190603_200426.png 555 590 1877 2166
facenet/dataset/aligned/163199/IMG_20190603_200410.png 43 395 1754 2777
facenet/dataset/aligned/163199/C0230182.png 1737 832 3160 2750
facenet/dataset/aligned/163199/C0230181.png 1758 795 3173 2732
facenet/dataset/aligned/163199/C0270209.png 1464 546 3006 2515
facenet/dataset/aligned/163199/C0260204.png 1377 579 3319 3245
facenet/dataset/aligned/163199/IMG_20190603_200423.png 258 858 1876 3082
facenet/dataset/aligned/163199/C0230186.png 1601 992 3065 2927
facenet/dataset/aligned/163199/IMG_20190601_205111.png 559 1247 1093 1965
facenet/dataset/aligned/163199/C0250196.png 1652 0 3538 2892
facenet/dataset/aligned/163199/IMG_20190601_205203.png 817 883 1882 2321
facenet/dataset/aligned/163199/C0250197.png 1459 63 3288 2944
facenet/dataset/aligned/163199/IMG_20190603_200416.png 191 346 1894 2742
facenet/dataset/aligned/163199/C0260203.png 1419 675 3303 3135
facenet/dataset/aligned/163199/IMG_20190603_200431.png 730 596 1998 2250
facenet/dataset/aligned/163199/C0260205.png 1365 595 3344 3264
facenet/dataset/aligned/163199/C0260201.png 1455 878 3325 3278
facenet/dataset/aligned/163199/C0250198.png 1432 366 3263 3225
facenet/dataset/aligned/163199/IMG_20190603_200441.png 200 1118 1963 3264
facenet/dataset/aligned/163199/C0240188.png 1497 881 2972 2878
facenet/dataset/aligned/163199/IMG_20190601_205205.png 911 886 1943 2305
facenet/dataset/aligned/163199/C0230183.png 1639 768 3151 2860
facenet/dataset/aligned/163199/IMG_20190601_205154.png 610 1142 1750 2691
facenet/dataset/aligned/163199/IMG_20190603_200407.png 341 415 2017 2757
facenet/dataset/aligned/163199/C0240192.png 1594 981 3044 2974
facenet/dataset/aligned/163201/IMG_20190606_124937.png 736 1145 1739 2581
facenet/dataset/aligned/163201/IMG_20190606_124911.png 618 1102 1908 2836
facenet/dataset/aligned/163201/IMG_20190605_204201.png 195 778 1270 2242
facenet/dataset/aligned/163201/IMG_20190606_124932.png 683 1638 1715 3139
facenet/dataset/aligned/163201/IMG_20190606_124904.png 669 1130 1864 2795
facenet/dataset/aligned/163201/IMG_20190606_124928.png 750 1205 1840 2694
facenet/dataset/aligned/163201/IMG_20190606_124913.png 659 852 1754 2254
facenet/dataset/aligned/163201/IMG_20190606_124930.png 475 1249 1572 2789
facenet/dataset/aligned/163201/IMG_20190605_204215.png 760 800 1605 1938
facenet/dataset/aligned/163201/IMG_20190605_204204.png 428 791 1334 1998
facenet/dataset/aligned/163201/IMG_20190606_124940.png 400 932 1845 2951
facenet/dataset/aligned/163201/IMG_20190605_204208.png 152 355 1530 2273
facenet/dataset/aligned/163201/IMG_20190606_124906.png 90 1034 1324 2734
facenet/dataset/aligned/163201/IMG_20190606_124915.png 67 1255 1261 2957
facenet/dataset/aligned/163201/IMG_20190606_124945.png 597 1037 1687 2569
facenet/dataset/aligned/163201/IMG_20190605_204159.png 355 823 1428 2268
facenet/dataset/aligned/163201/IMG_20190605_204213.png 390 421 1511 1886
facenet/dataset/aligned/163201/IMG_20190606_124936.png 762 1370 1836 2921
facenet/dataset/aligned/163201/IMG_20190605_204155.png 701 747 1667 2024
facenet/dataset/aligned/163201/IMG_20190606_124934.png 719 847 1713 2120
facenet/dataset/aligned/163201/IMG_20190606_124901.png 598 1045 1760 2751
facenet/dataset/aligned/163201/IMG_20190605_204152.png 467 730 1457 2096
facenet/dataset/aligned/163201/IMG_20190606_124909.png 807 1008 1946 2566
facenet/dataset/aligned/163201/IMG_20190606_124918.png 623 1065 1707 2629
facenet/dataset/aligned/163201/IMG_20190605_204206.png 338 973 1387 2380
facenet/dataset/aligned/163201/IMG_20190605_204218.png 831 969 1893 2404
facenet/dataset/aligned/163527/C0310239.png 1330 639 3186 3063
facenet/dataset/aligned/163527/C0320244.png 997 119 2821 2535
facenet/dataset/aligned/163527/C0320243.png 1013 85 2855 2591
facenet/dataset/aligned/163527/C0290226.png 1212 1033 2676 2981
facenet/dataset/aligned/163527/C0280217.png 1426 608 3318 3254
facenet/dataset/aligned/163527/C0300233.png 950 781 2640 3422
facenet/dataset/aligned/163527/C0290222.png 1450 743 3147 3112
facenet/dataset/aligned/163527/C0300234.png 833 985 2199 3262
facenet/dataset/aligned/163527/C0310240.png 1389 574 3111 2997
facenet/dataset/aligned/163527/C0280215.png 1763 439 3460 2933
facenet/dataset/aligned/163527/C0300231.png 1107 745 2742 3265
facenet/dataset/aligned/163527/C0310237.png 1312 800 3132 3016
facenet/dataset/aligned/163527/C0320246.png 1214 0 2914 2083
facenet/dataset/aligned/163527/C0290227.png 1133 1043 2586 2991
facenet/dataset/aligned/163527/C0300232.png 1052 778 2690 3245
facenet/dataset/aligned/163527/C0290225.png 1355 898 2874 2993
facenet/dataset/aligned/163527/C0280219.png 1202 732 3019 3236
facenet/dataset/aligned/163527/C0280216.png 1648 537 3242 2932
facenet/dataset/aligned/163527/C0320245.png 1021 60 2835 2297
facenet/dataset/aligned/163527/C0310236.png 1280 814 3137 3116
facenet/dataset/aligned/163527/C0310242.png 1433 543 3112 2845
facenet/dataset/aligned/163527/C0300230.png 1165 799 2821 3136
facenet/dataset/aligned/163527/C0280221.png 1205 886 2867 3212
facenet/dataset/aligned/163527/C0320247.png 1236 137 2919 2206
facenet/dataset/aligned/163527/C0310238.png 1349 737 3158 3014
facenet/dataset/aligned/163527/C0290223.png 1484 766 3153 3109
facenet/dataset/aligned/163527/C0280218.png 1276 756 3093 3248
facenet/dataset/aligned/163527/C0290224.png 1485 845 3106 3046
facenet/dataset/aligned/163527/C0280220.png 1215 884 2922 3295
facenet/dataset/aligned/163527/C0320249.png
facenet/dataset/aligned/163527/C0300229.png 1304 709 2927 3086
facenet/dataset/aligned/163527/C0300235.png 541 987 1899 3131
facenet/dataset/aligned/163527/C0310241.png 1455 527 3166 3001
facenet/dataset/aligned/163527/C0290228.png 1181 1005 2652 3080
facenet/dataset/aligned/163527/C0320248.png 996 451 2614 2305
facenet/dataset/aligned/173216/C0050052.png 1897 1249 3158 2950
facenet/dataset/aligned/173216/C0200159.png 1442 812 2890 2940
facenet/dataset/aligned/173216/C0060058.png 1658 1045 2652 2316
facenet/dataset/aligned/173216/Y0010026.png 1422 995 2806 2804
facenet/dataset/aligned/173216/C0080072.png 1766 1076 2966 2750
facenet/dataset/aligned/173216/C0070065.png 1485 1186 2648 2743
facenet/dataset/aligned/173216/C0210168.png 1062 1164 2494 3210
facenet/dataset/aligned/173216/Y0010027.png 1231 818 2654 2768
facenet/dataset/aligned/173216/C0090081.png 1795 402 3190 2270
facenet/dataset/aligned/173216/C0030038.png 1370 993 2614 2754
facenet/dataset/aligned/173216/C0200164.png 1773 807 3346 2878
facenet/dataset/aligned/173216/C0070069.png 1418 1300 2542 2808
facenet/dataset/aligned/173216/C0080074.png 1886 1148 3083 2729
facenet/dataset/aligned/173216/C0190156.png 1473 921 2772 2632
facenet/dataset/aligned/173216/C0190152.png 1606 1260 2758 2742
facenet/dataset/aligned/173216/C0060061.png 1614 1012 2627 2314
facenet/dataset/aligned/173216/C0190155.png 1519 1182 2668 2700
facenet/dataset/aligned/173216/C0200162.png 2381 895 4037 3171
facenet/dataset/aligned/173216/C0040050.png 1755 1001 3067 2790
facenet/dataset/aligned/173216/C0050054.png 1868 1222 3187 2941
facenet/dataset/aligned/173216/C0080078.png 1281 1047 2508 2690
facenet/dataset/aligned/173216/C0080076.png 1717 1080 2910 2688
facenet/dataset/aligned/173216/C0060060.png 1644 1022 2652 2310
facenet/dataset/aligned/173216/C0030037.png 1351 997 2595 2746
facenet/dataset/aligned/173216/Y0010024.png 1507 917 2923 2865
facenet/dataset/aligned/173216/C0020034.png 1510 784 3102 2936
facenet/dataset/aligned/173216/C0200160.png 1642 675 3169 2896
facenet/dataset/aligned/173216/C0080073.png 1799 1058 2962 2707
facenet/dataset/aligned/173216/C0030042.png 1363 1012 2782 2922
facenet/dataset/aligned/173216/C0190157.png 1422 692 2834 2614
facenet/dataset/aligned/173216/C0040045.png 1985 914 3315 2764
facenet/dataset/aligned/173216/C0020036.png 1340 544 3143 2975
facenet/dataset/aligned/173216/C0090084.png 1321 240 2736 2238
facenet/dataset/aligned/173216/C0020035.png 1389 617 3052 2935
facenet/dataset/aligned/173216/C0060062.png 1575 982 2597 2317
facenet/dataset/aligned/173216/C0060064.png 1838 931 2821 2166
facenet/dataset/aligned/173216/C0190153.png 1521 1167 2677 2673
facenet/dataset/aligned/173216/C0040049.png 1817 974 3092 2801
facenet/dataset/aligned/173216/C0020032.png 1627 708 3166 2916
facenet/dataset/aligned/173216/C0090085.png 1633 532 2964 2402
facenet/dataset/aligned/173216/C0210171.png 1360 1279 2656 3073
facenet/dataset/aligned/173216/C0090082.png 1781 332 3147 2240
facenet/dataset/aligned/173216/C0030041.png 1391 1001 2737 2899
facenet/dataset/aligned/173216/C0070068.png 1365 1292 2510 2851
facenet/dataset/aligned/173216/C0030040.png 1399 988 2706 2843
facenet/dataset/aligned/173216/C0070071.png 1468 1294 2591 2851
facenet/dataset/aligned/173216/C0050056.png 1869 1206 3149 2957
facenet/dataset/aligned/173216/Y0010025.png 1673 1027 3019 2894
facenet/dataset/aligned/173216/C0070070.png 1498 1258 2624 2784
facenet/dataset/aligned/173216/C0050051.png 1880 1240 3108 2927
facenet/dataset/aligned/173216/C0040048.png 1842 1013 3161 2778
facenet/dataset/aligned/173216/C0050057.png 1863 1289 3165 3022
facenet/dataset/aligned/173216/C0210167.png 1347 958 2717 3130
facenet/dataset/aligned/173216/C0070067.png 1320 1224 2511 2864
facenet/dataset/aligned/173216/Y0010028.png 2054 594 3252 2218
facenet/dataset/aligned/173216/C0090079.png 1762 213 3191 2253
facenet/dataset/aligned/173216/C0030039.png 1386 988 2682 2842
facenet/dataset/aligned/173216/C0020031.png 1519 741 3057 2973
facenet/dataset/aligned/173216/C0060063.png 1675 1023 2671 2277
facenet/dataset/aligned/173216/C0080077.png 1482 1052 2686 2642
facenet/dataset/aligned/173216/C0190154.png 1470 1201 2543 2610
facenet/dataset/aligned/173216/C0090083.png 1528 210 2955 2207
facenet/dataset/aligned/173216/C0060059.png 1718 1093 2699 2330
facenet/dataset/aligned/173216/C0040047.png 1902 968 3246 2765
facenet/dataset/aligned/173216/C0020030.png 1398 806 2899 3053
facenet/dataset/aligned/173216/C0030043.png 1233 887 2686 2853
facenet/dataset/aligned/173216/YDXJ0023.png 1624 1095 2914 2753
facenet/dataset/aligned/173216/C0210166.png 1789 827 3113 2947
facenet/dataset/aligned/173216/C0200165.png 2142 721 3724 2978
facenet/dataset/aligned/173216/C0040046.png 1959 950 3265 2745
facenet/dataset/aligned/173216/C0080075.png 1891 1151 3064 2728
facenet/dataset/aligned/173216/C0090080.png 1811 262 3222 2256
facenet/dataset/aligned/173216/C0050055.png 1838 1130 3160 2916
facenet/dataset/aligned/173216/C0210169.png 1107 1312 2432 3150
facenet/dataset/aligned/173216/C0210170.png 1047 1328 2392 3180
facenet/dataset/aligned/173216/C0200161.png 2023 797 3653 3038
facenet/dataset/aligned/173216/C0210172.png 1623 1119 2988 2998
facenet/dataset/aligned/173216/C0040044.png 2008 915 3306 2746
facenet/dataset/aligned/173216/C0050053.png 1888 1230 3174 2926
facenet/dataset/aligned/173216/C0070066.png 1368 1193 2550 2812
facenet/dataset/aligned/173216/C0020033.png 1635 712 3176 2923
